------------------------------------
		  Valgringo Decko
------------------------------------
docker run -ti -v $(PWD):/test memory-test:0.1 bash -c "cd /test/; make re && valgrind --leak-check=full ./push_swap '6 9 3 4 72 99 3333 33 2 222 2222 22 888'; rm -f ./push_swap"

------------------------------------
      		 50 Zahlen
------------------------------------
-91868 -158492 52958 173029 -119389 189494 -42567 -6775 195015 -137578 -77069 -48715 158049 14928 -180603 -84715 156577 55034 63303 -195903 15862 -23185 108867 -61511 -193680 -152154 4860 66822 169859 32278 -104271 -17256 -73991 88436 -70658 72539 -173259 -87719 -92144 -25925 190431 18138 188653 -115657 -117469 102712 -52642 -67293 133050 -102121
-> 248

8589 79453 30536 68777 115212 551 74530 162412 109044 28730 103313 2726 272 6490 49725 153487 32748 2498 128404 159763 27419 80220 4067 31674 55 69400 194944 25729 76711 105917 10713 75012 118749 38843 89944 19973 65573 5600 7451 306 30342 17494 91964 34799 116820 94877 137549 33356 1375 8260
-> 247

197417 192558 154196 137981 196540 107219 112258 189637 90680 111812 165589 188891 4593 77141 166666 199982 198574 199838 167090 65095 73689 23633 107474 138027 5851 96234 103757 175327 45328 196110 198892 189761 198174 156540 137436 199995 142853 20511 189276 36998 20901 26728 22295 188411 183830 136676 105532 152579 133493 188449
-> 256

------------------------------------
			 100 Zahlen 
------------------------------------
23441 88913 -139420 106083 -85326 7441 141825 -196858 79008 89106 23019 97079 19790 -126499 77282 137872 165423 -97649 180987 -166579 -155792 164989 -58820 77767 -64009 103665 148577 30269 -152557 -162759 187081 169143 -14731 -169374 -173338 -98103 183606 87083 92365 -2012 -25006 178284 90959 2903 -110838 31569 -67991 104362 -163765 177198 111885 68322 164402 -140953 24081 -74030 137124 -135697 154629 81048 61944 84584 68526 -150759 -118163 -188546 -32149 142662 -65044 157861 -135401 184874 45576 -88713 190201 -179894 -58169 199445 -166187 58256 99090 -742 -60247 97623 -132226 17945 35436 -165303 161123 -42151 8650 -137682 -144894 -196721 -3512 -191462 -115976 48504 52572 -108308
-> 750 (4)

-24393 172210 121784 -151206 -50585 -124213 -167782 -122587 115465 17650 32737 159982 59581 44562 111635 -149591 49744 127522 1340 -37834 -66774 182891 -141653 -90113 39296 127253 -95443 -15373 63858 161719 -160250 -27398 -94104 -20495 65371 -67018 103328 51356 -164388 71630 126019 -192534 -171704 183496 -61979 -42102 -86914 191314 -121398 -69330 -45356 -197767 10274 37303 -119677 -120538 71953 175143 -113134 -81896 96861 -31088 8796 146209 -105070 -149788 114290 -18346 142316 146273 40261 -17495 102516 -81052 -98826 165856 179100 -56970 38918 143990 -152099 72901 68973 -6258 166004 198511 -123591 17946 113325 -112927 -39883 126881 -76143 78862 32248 170385 -143708 39909 -69084 77925
-> 801 (4)

0 65 92 -1 49 -87 97 -19 -10 66 81 -90 78 -20 -35 -81 15 -59 25 -3 61 -25 42 80 59 16 -24 -34 -84 88 -55 -80 -21 37 -52 -8 17 14 -72 -60 50 -50 64 12 72 94 -37 -74 -29 -40 -63 -68 8 7 27 40 2 71 -9 -93 73 -65 -13 -23 -12 83 36 52 -6 96 3 -16 -58 -2 -32 99 -66 -71 39 -4 -26 21 -94 56 55 63 91 47 35 5 18 10 -98 -30 90 -77 100 34 -96 68
-> 726 (4)
-> 688 (5) (BEFORE)

------------------------------------
             500 Zahlen 
------------------------------------
327387 -272435 59696 -1973424 -1759552 1870924 -572837 -1692232 -138982 -378520 1419211 706067 -875530 1727787 128368 -719315 -1944123 548776 -503296 -536583 1683360 755128 1058255 -239483 955388 -1616054 -1227014 -162906 1977256 719282 1227406 -914259 1019163 1967476 -575483 -1647850 1016734 611708 109806 -622158 -1062555 -415192 1641813 -1730691 -1703824 526338 -1879670 -1642590 903796 -1778019 -1524621 -1842282 -461900 338516 -1059986 6290 -1395060 1704167 1403470 -498592 -513850 918986 371911 377963 989547 35997 -505744 -1983690 -3699 -1625362 -99764 -184764 -630240 -1579260 -100074 1865892 1964643 -155126 -1079152 1423096 1386760 630513 -1190251 1917630 1547356 450253 -1291986 1611850 -1981163 -215543 1489874 17703 1384993 1783604 1579721 -367559 -530396 174504 1853983 1681119 -1362639 1097288 -460638 944933 -860903 -1112141 -1241175 -1603287 468996 -439358 509051 1429117 -1985534 -1799887 1186273 420168 1786000 -892032 197611 -900499 -990568 1840458 117352 -1699700 -87242 514109 271037 1467810 -180098 144286 -672677 -293629 966501 1390799 -713132 1693205 -1418758 -1921249 -552990 1122298 1130742 424407 -123033 111071 1160093 -1304574 -114046 777747 1317544 -1988307 -430695 -738628 -763052 -1578024 622363 -673342 318243 276858 -1418471 1585909 1432531 148969 1225783 1991652 516160 -1208655 -54333 -367860 1618012 -1005359 -206051 495019 1116645 -482026 582058 1802711 -1639024 1763316 240990 -48515 -1536277 -1181889 -1741278 -542728 1365668 -1529989 329155 -1589422 256755 -430968 -1918218 -70172 1198776 357437 -900681 1925074 1069086 1418305 -1526224 -1295677 -42799 -1552624 1108376 1582358 -628357 798940 952442 -1774093 767793 -188949 -1432909 1863368 899828 -561029 465745 553384 1975009 790215 -1804433 -1601103 1495555 -1751195 -1390447 -1138930 1675293 -598265 -1312114 726617 622069 1369752 -870717 -1940761 185578 1016584 1281075 -1402034 -1699644 -480032 -1014346 309223 -670420 1933213 1984559 1774966 1668116 1048244 604905 -686486 663826 703425 370040 1897947 1134484 -68832 1048127 -808498 704886 -1239574 1635083 -1601729 -1326812 -295590 618002 926451 772023 -122167 436365 -485295 897053 -1340907 1433528 -1706235 -507178 436236 1171531 -307852 1502828 1163792 -1449220 -1539984 1212341 -953063 1884115 1332152 624935 1851255 110975 -1524670 1257599 -1297053 -998881 -1368454 -1217379 -1829689 -209953 -1086587 -1982698 -1922336 -982655 -1064098 -46413 368213 323859 256680 526197 602271 -500231 -1964302 1076301 -741594 -1349455 562262 856181 1230280 548404 -1132768 -839573 -635978 1775591 -1633345 -430502 -906729 31692 -1074181 -785197 1462869 -335787 1074915 -979977 1924976 -988087 -898728 251211 553355 796108 -1514679 1512623 -1327299 709550 866962 1772797 -444340 -1212989 1623481 -1224431 -857771 1044233 -1623766 1844086 1063456 1892737 230071 476149 -1493447 489950 1948481 -903630 -895799 1451461 -910616 -1014014 114276 -538342 -474226 415169 -599631 1493608 1795709 261470 -514347 780532 -44091 1903412 -1851182 -389682 682250 878367 -990745 -1659100 574939 199426 -1557368 112767 -576641 1579707 1650158 368397 -223402 -961531 -1036244 -967492 1754728 1854664 343915 -234769 1004848 -735211 -1603174 -1160994 466648 1168961 -1273580 -1821295 27680 1863780 -1596352 -864666 -747321 472667 440020 -1554666 -1349491 -60516 55679 -1785269 -1476672 466709 645302 1985751 -1328800 630818 1110507 572467 -1441991 1557529 1115906 -320083 788768 119365 665135 -1206676 1747652 -1346928 -1774767 -902863 -55003 1036658 -9555 -381588 -917566 -149920 1640028 -672814 -145714 -1610704 -434027 1217139 797007 -1018972 -862902 1884517 1519108 1520793 1571877 -506645 -170850 -1965472 325797 1354792 1875076 -1939865 622985 427979 -1504811 1465762 675624 926017 627697 1507346 -1840584 -1811064 -886151 1364799 -1665774 1309824 -584542 754465 1565261 396652 622063 -1808637 -1046346 1400548 1336558 -13340 1252718 813624 -1116765 797221 1502380 -302780 -1579732 1346233 1240079 1573600 -550502 810371 -447811 -477084 -533903
-> 7909 (3)

50441 -1180862 -500084 928138 -1437061 -1402350 -894284 -1168217 -253177 -804466 -234188 -1898079 -482933 881144 230210 1663182 365283 1046587 1538058 1322280 444691 -1450336 613224 959486 -1031404 1643577 -1436407 792397 -201962 22450 1845929 250201 28199 894748 1761494 -788618 -1219766 394659 680193 -930443 -1819996 -1808890 1120387 818452 1249359 -109908 38455 -1822801 484113 -212825 -512173 -1173053 249420 -1319613 -193894 1169640 708785 273854 1775581 98169 -1389452 -410454 -1864439 -1831306 1058144 1957132 -285922 312894 -1451289 1659262 1466980 596211 -744871 -1902441 457037 -127816 1599620 1605030 1030559 1374919 -85072 -1668990 1784958 -674795 -549025 -612791 356684 -260941 -844445 1943343 -668970 1689794 1196781 1576376 290587 1323720 1902378 -477741 483297 105054 -1798560 -1191019 -114527 -1926260 886444 243347 -612118 -1444120 1416004 -708626 1457783 -1060421 1984332 424951 -784273 1910930 -350712 173184 -1956756 -1045098 279666 60628 656787 -1368748 1599948 -1849644 -383869 1882204 1541977 -766144 -835072 1006040 1257658 1864433 -917901 -1929529 -1862593 1308976 -1340224 -1269895 -1128042 -1291673 -931534 963919 -1064657 1395720 -1926231 432259 -1066565 -1128149 599254 388385 297468 773063 -299187 -55931 630143 1580240 481561 -759405 -545741 -286696 -1232074 60447 -1994371 1129508 1153980 -216987 -1793229 -599903 1776911 1760910 -1378703 -94553 -1809262 -1482817 454377 -1267157 -146909 638001 529716 -1011443 -427026 -1917595 742451 -1148255 -656605 1503797 -382236 1766796 641986 -340251 -230140 -1942043 -1239640 1407163 1875334 874479 603468 549620 1074133 -1945566 -1030038 -1518410 -1816451 -1198233 -861752 -1865542 -1155361 -462555 266315 1771139 1509157 -491023 -1781686 262241 -189534 -1160991 1049825 -1630283 173914 817256 -1217216 -1230549 -615668 1873303 -331520 1950649 -1728799 -365052 958234 -423928 1242762 1255821 1658180 189925 509618 613577 1079709 -1861101 42586 -83878 -151903 1026732 1163299 1107533 636219 -1416098 568296 -901247 -887493 347450 567574 -261277 281708 1170081 -1663954 1413737 -214839 1729467 -455121 -625865 -1707015 -1753917 1308899 -1049338 141945 -80072 1636204 283942 -1109228 692966 -297963 -1550898 772871 1806435 1205981 -1498369 -237923 -196054 649873 1418796 -707070 1248823 329320 864360 1816866 1529300 1308997 563748 -1080627 1843684 570977 1904271 367922 -239227 -1055003 627003 -1597280 -733443 1049472 -23188 1056652 478460 1762257 153226 -1491137 -341842 -311121 -1142898 -537449 1565757 1998019 585954 537267 1657153 -392653 -1393627 330174 1830398 1758297 952277 1736282 -645904 -236783 34230 1688374 -13124 -1216968 1094475 318011 -382790 -799136 -1117878 -123630 853337 618613 75128 1933182 227517 -1339779 -201462 -870210 -218003 735182 -1335247 -228068 1661900 -1897146 -1124621 -99177 -1056290 1795523 477408 252649 926549 -810740 1592223 -871500 813255 -1870477 1359385 1230709 1369042 -359001 -882700 1801464 1766826 306573 -1126393 522400 -1189030 1187809 -1092682 1001727 1382965 -456614 -1000712 1183247 219000 -855191 780955 1204714 -1476103 -175416 -338662 980722 1290766 -167144 154282 -1911810 -1620133 -620943 -494940 207613 -71544 1585379 -226556 -1037536 1500868 533665 -1397950 856323 1095265 164835 -1047227 643729 1904046 1467474 13179 488068 706572 -1020697 -464509 -1813579 397783 1390726 324220 471278 -854431 -1693506 772867 1500037 -1336014 -1860326 1852224 1220409 1072798 -1199704 -1547456 1931664 -1178445 -711761 108506 -992901 1009914 1116509 43228 97594 650751 698602 1774404 -372849 -861249 344454 344879 1413540 -477155 -1638779 -128693 -1372323 -1350072 522991 -1344345 1301734 -1436772 -1737544 -1665928 6497 1021663 -1549432 -221335 51548 -1175734 1661516 -420153 1261720 -945795 -771679 1044106 -1681129 1381308 411639 -760855 45409 10171 1366657 1497775 -1283316 269324 570764 1522171 724792 451258 -1893816 -159050 1763160 618280 -78402 -786444 -166108 1791450 1187928 -305351 491942 -1153005 1060553 1149317 553724 -1577300
-> 7774 (3)
-> 6512 (4) (BEFORE)

-533284 -1936504 -1618499 -98952 167685 1295978 1366444 -157328 -844538 -1880872 -1742080 -1563813 566433 1436114 -905116 -191473 -1251846 896359 1723920 -472885 281419 -106479 -830303 1760498 532672 159283 1369001 847381 -1504285 439127 -16113 1656397 412934 1951444 658163 -1682459 -1098768 -1957611 1683657 583841 1061422 -904610 -1715858 -15415 372984 1379761 77567 -550988 -1756052 1959825 247326 1485033 -1794808 -903645 -1808354 1518418 599746 -1126592 1621368 1843747 1580200 -292746 110647 -1613674 -660832 -356208 1155778 -26634 -620903 361188 -606313 1838862 1256439 -1075116 -1176202 -456374 524972 1897488 -1773729 -1204524 1525934 1814685 -954728 -240683 -1355042 -324447 -1195313 -32203 1333025 1112269 -1242362 -525403 -347080 -1005350 581303 -1841188 941803 -532021 -1283941 -1833303 -1966519 483300 951917 -1230502 -290945 -1788989 -291777 1199174 1460917 -713576 -1978908 -1291211 141550 -42611 -754836 -1474666 -1683503 458442 1488982 -792867 881804 618730 1321012 -699742 -216168 725985 -1274110 -1650602 1522765 -1374458 809380 -1649123 -498992 1489770 262840 1394614 -1572672 -778908 -1672030 -1098954 -72487 -860836 1556006 1654205 1674676 1698114 192412 348127 1877751 -1799843 -873204 -1433245 1172111 -1369642 1019929 1529111 -837885 256250 -431933 -25657 -1814199 -1219315 971014 -759999 -1370022 817370 1550729 -1833579 -28308 1974160 -512230 1039763 -1147596 -1536672 1905555 -1691693 181737 703639 -549764 1253222 -136487 406210 -1231091 -233815 -484420 424184 1353905 268148 407026 1519894 -3230 150660 471004 316838 -1201020 -1863163 -43254 -30018 538559 -1741831 -1751285 1051695 -829336 1440516 -506263 366463 -764165 -1832251 -334432 -1957528 1951696 349597 -62436 -1903889 -1329075 1763052 218737 1616568 -1856285 1312719 1664011 511804 1134527 -650300 1222777 1169033 1654076 981335 884142 749776 -1130070 953664 451285 -868088 654737 798211 -607167 -1541561 -492541 -1714929 -1628311 1667248 644885 -633966 558017 -644154 1728321 1566760 220778 1605627 -1937927 892281 932542 1780238 408122 597661 -405537 100236 1880392 -378376 -111803 -1141167 -647768 -1517964 1177000 -1064876 -1812185 -817182 -870615 1310647 156215 -437097 -964375 1120957 1301280 578666 -903305 -1356994 1623792 1223377 135091 1250030 486456 183398 -169539 -928599 1029430 -1269849 -122009 -1984792 -792463 1361082 536523 -616602 97918 969206 -1009463 -122215 -488456 553830 -204462 -1574898 -1420970 -227707 -650056 -1751881 1686363 -1231609 -605688 190205 -492308 -1973427 1644809 464400 745955 -582542 -760313 -608265 -1790 -1526898 1729159 216670 1748688 499475 -835148 749993 -1439346 1385120 1814576 581717 -440559 1464907 -1768375 436279 -1890443 1116648 1649751 -1443945 -375137 1698892 1256836 -1516360 -1468370 755575 -106224 176993 -1883 1260928 275598 -246128 1348610 430164 1926683 537815 1492438 1949979 -1599657 1457910 1135442 -1696354 -600550 631586 597723 259042 -1512529 1379772 722502 1709172 -1732230 -971127 -291378 -731863 441411 1605163 1744840 144734 -1138459 -827231 -875647 -547226 1081111 -12705 1503016 -1361091 -1637485 -752203 627817 1616366 708565 1313560 -35988 1989287 1342741 -1585458 -202558 1146968 1223784 -1137968 478229 -1575672 595516 1911730 -894799 -1923056 1078432 1569154 -686770 -1138924 -174458 365406 12047 293091 124595 -532542 -361058 1938138 279592 -1430390 1490276 849163 -584588 -1839879 -677710 189371 219881 -1408715 -1277831 -1024674 -987234 1543609 -178044 124785 -1304274 1194270 1595354 1914971 1089077 -74093 -46262 -1686239 237223 -692136 1344134 -1026969 1685518 -1016107 -1506513 773635 -504746 1111586 -1949237 53141 -1084462 -1329665 -86542 -1966466 -81395 -947411 -1585736 496943 838605 930591 -363228 -1988145 727735 -209792 1932528 1667337 348415 335680 -1401203 1247609 -971729 1773 -1444147 -1818266 -1816144 -661520 1183566 -823535 -509940 -1482008 1583139 1757204 1998843 742855 735787 229120 670584 69276 -1607639 -28058 -412360 1154927 -677703 -1568723 -1383192 1580424 -1767621 -1033750
-> 6772 (4)
